0	1	-1
1	128552	-1
2	3	1
4	5	-1
4	155	-1
4	558	1
4	1509	-1
4	2282	1
4	2984	1
4	7263	1
4	10876	-1
4	48703	-1
4	51253	1
4	87217	1
4	98617	1
4	100981	1
4	101858	1
5	5	1
5	8	-1
5	20	1
5	50	1
5	52	1
5	155	1
5	183	1
5	197	1
5	245	1
5	264	-1
5	302	1
5	311	1
5	317	1
5	350	1
5	361	1
5	410	-1
5	430	1
5	450	1
5	453	1
5	481	1
5	532	-1
5	544	1
5	655	1
5	671	1
5	691	1
5	727	1
5	731	1
5	744	-1
5	819	-1
5	851	1
5	855	1
5	865	-1
5	904	1
5	913	1
5	931	1
5	966	1
5	974	1
5	999	1
5	1003	-1
5	1005	-1
5	1017	1
5	1037	1
5	1090	1
5	1118	-1
5	1119	1
5	1229	1
5	1262	-1
5	1268	-1
5	1269	1
5	1278	1
5	1287	1
5	1289	1
5	1296	1
5	1304	1
5	1305	1
5	1306	1
5	1321	1
5	1327	1
5	1328	1
5	1331	1
5	1334	1
5	1336	1
5	1352	1
5	1438	1
5	1441	1
5	1444	1
5	1450	1
5	1456	1
5	1463	1
5	1466	1
5	1469	1
5	1478	1
5	1480	1
5	1485	1
5	1486	1
5	1487	1
5	1488	-1
5	1491	-1
5	1492	1
5	1493	-1
5	1495	1
5	1502	1
5	1506	1
5	1511	1
5	1512	-1
5	1541	1
5	1578	-1
5	1605	1
5	1611	-1
5	1622	-1
5	1638	1
5	1652	-1
5	1682	1
5	1687	1
5	1707	1
5	1713	-1
5	1741	-1
5	1750	-1
5	1818	-1
5	1819	-1
5	1829	-1
5	1831	-1
5	1834	-1
5	1853	-1
5	1864	1
5	1865	1
5	1867	1
5	1869	1
5	1882	-1
5	1894	-1
5	1937	-1
5	1953	1
5	1970	1
5	2040	1
5	2116	1
5	2133	1
5	2183	-1
5	2193	1
5	2197	1
5	2243	-1
5	2261	1
5	2268	1
5	2271	1
5	2278	-1
5	2286	1
5	2287	1
5	2293	1
5	2339	1
5	2347	1
5	2355	1
5	2358	-1
5	2363	-1
5	2475	-1
5	2486	1
5	2505	1
5	2547	-1
5	2550	1
5	2557	1
5	2579	1
5	2657	1
5	2677	1
5	2719	1
5	2723	-1
5	2738	1
5	2755	-1
5	2772	1
5	2776	-1
5	2842	1
5	2850	1
5	2947	1
5	2971	1
5	2995	-1
5	3103	1
5	3133	1
5	3137	1
5	3141	1
5	3142	1
5	3144	-1
5	3167	1
5	3168	1
5	3171	1
5	3172	-1
5	3177	-1
5	3194	1
5	3201	1
5	3205	1
5	3210	1
5	3211	1
5	3216	1
5	3230	1
5	3244	1
5	3249	1
5	3277	1
5	3325	1
5	3338	1
5	3339	1
5	3343	1
5	3358	1
5	3372	1
5	3396	-1
5	3438	1
5	3615	1
5	3619	1
5	3723	1
5	3751	1
5	3760	1
5	3762	1
5	3763	1
5	3798	-1
5	3802	1
5	3835	1
5	3838	-1
5	3845	1
5	3847	1
5	3876	-1
5	3879	1
5	3890	1
5	3903	1
5	3904	1
5	3905	1
5	3923	1
5	4080	1
5	4167	1
5	4173	-1
5	4192	1
5	4232	1
5	4234	1
5	4308	1
5	4313	1
5	4360	1
5	4436	-1
5	4446	-1
5	4489	1
5	4494	-1
5	4528	1
5	4542	1
5	4550	1
5	4561	-1
5	4590	-1
5	4599	1
5	4640	1
5	4689	1
5	4726	1
5	4774	-1
5	4820	1
5	4874	1
5	4887	-1
5	4900	1
5	4948	1
5	4959	1
5	4994	-1
5	5003	1
5	5033	1
5	5054	1
5	5071	1
5	5157	-1
5	5291	1
5	5373	1
5	5396	1
5	5496	1
5	5507	1
5	5564	1
5	5578	-1
5	5603	-1
5	5626	1
5	5641	-1
5	5727	1
5	5729	-1
5	5761	1
5	5768	1
5	5773	1
5	5819	-1
5	5882	1
5	6025	1
5	6128	1
5	6176	-1
5	6296	-1
5	6306	1
5	6328	-1
5	6364	1
5	6392	-1
5	6462	-1
5	6482	1
5	6559	1
5	6655	1
5	6719	1
5	6743	1
5	6800	1
5	6827	1
5	6834	-1
5	6836	1
5	7062	-1
5	7089	1
5	7233	1
5	7235	1
5	7269	1
5	7279	1
5	7385	1
5	7674	1
5	7821	-1
5	7845	1
5	7855	1
5	7998	1
5	8357	1
5	8533	1
5	8544	1
5	8684	-1
5	8835	1
5	8930	1
5	8968	1
5	9071	1
5	9116	1
5	9282	1
5	9310	-1
5	9343	-1
5	9665	-1
5	9698	-1
5	9825	-1
5	9829	1
5	9846	1
5	9870	-1
5	9979	1
5	10132	1
5	10158	1
5	10197	1
5	10369	1
5	10390	1
5	10428	-1
5	10430	1
5	10509	-1
5	10661	-1
5	10750	1
5	10782	1
5	10818	-1
5	10822	-1
5	10873	1
5	10932	-1
5	11002	1
5	11056	-1
5	11086	-1
5	11205	-1
5	11305	1
5	11409	1
5	11445	1
5	11598	1
5	11640	1
5	11675	-1
5	11751	-1
5	11818	1
5	12179	1
5	12200	-1
5	12211	1
5	12359	-1
5	12467	1
5	12661	-1
5	12664	-1
5	12797	1
5	12976	-1
5	13025	-1
5	13106	1
5	13199	1
5	13248	1
5	13303	1
5	13335	1
5	13518	1
5	13539	-1
5	13551	-1
5	13683	-1
5	14124	-1
5	14126	1
5	14203	1
5	14366	-1
5	14416	-1
5	15132	1
5	15203	1
5	15285	1
5	15505	-1
5	15654	-1
5	15979	-1
5	16001	1
5	16308	1
5	16331	1
5	16351	1
5	16531	1
5	16560	-1
5	16572	1
5	16697	-1
5	16733	-1
5	16751	-1
5	16786	-1
5	16821	-1
5	16925	1
5	16926	1
5	16930	1
5	16941	1
5	16955	1
5	16971	1
5	16981	1
5	16985	1
5	16992	-1
5	16993	1
5	16995	-1
5	17001	1
5	17005	1
5	17006	1
5	17007	1
5	17012	1
5	17013	1
5	17014	1
5	17015	1
5	17019	1
5	17020	-1
5	17025	1
5	17026	1
5	17030	1
5	17042	-1
5	17048	1
5	17059	-1
5	17069	1
5	17072	1
5	17073	1
5	17102	1
5	17337	1
5	17343	1
5	17344	1
5	17349	1
5	17354	1
5	17359	1
5	17360	-1
5	17362	1
5	17376	1
5	17381	1
5	17386	1
5	17391	-1
5	17393	1
5	17394	1
5	17396	1
5	17398	1
5	17404	1
5	17414	1
5	17416	1
5	17724	1
5	17789	-1
5	18148	-1
5	18489	1
5	18761	1
5	18921	1
5	19229	1
5	19416	1
5	19500	1
5	19907	1
5	20036	1
5	20109	-1
5	20275	1
5	20383	-1
5	20449	-1
5	20597	-1
5	20741	1
5	21263	-1
5	21277	1
5	21286	-1
5	21643	-1
5	21664	1
5	22070	1
5	22313	1
5	22431	1
5	22466	-1
5	22939	-1
5	23419	1
5	23467	1
5	23494	-1
5	23510	1
5	23515	1
5	23532	1
5	23559	-1
5	24131	1
5	24135	1
5	24138	-1
5	24633	-1
5	24881	-1
5	25564	-1
5	25689	-1
5	25696	-1
5	25798	1
5	26084	-1
5	26099	-1
5	26167	-1
5	26168	-1
5	26335	-1
5	26515	-1
5	26986	-1
5	27187	1
5	27190	-1
5	27205	1
5	27207	-1
5	27208	1
5	27210	1
5	27211	1
5	27212	1
5	27216	1
5	27254	1
5	27257	1
5	27262	1
5	27271	1
5	27274	1
5	27280	1
5	27775	1
5	28280	1
5	28937	1
5	29144	-1
5	29226	1
5	29244	1
5	29247	-1
5	29352	-1
5	29547	1
5	29632	1
5	29900	1
5	31416	1
5	31709	1
5	31838	1
5	32195	1
5	32692	1
5	33928	-1
5	33931	1
5	33932	1
5	33936	1
5	33937	1
5	33939	1
5	33943	1
5	33945	1
5	33948	1
5	33955	1
5	33958	-1
5	33959	1
5	33960	1
5	33964	1
5	33975	1
5	33978	-1
5	33984	1
5	33990	1
5	37770	-1
5	37925	1
5	38108	1
5	38109	1
5	38429	-1
5	38430	-1
5	38432	-1
5	38519	-1
5	38936	-1
5	39030	-1
5	39202	-1
5	40530	1
5	43474	-1
5	43811	1
5	43812	1
5	43911	-1
5	44569	1
5	47911	1
5	48738	1
5	48756	1
5	48759	-1
5	48768	-1
5	51764	-1
5	57053	-1
5	57055	1
5	57078	1
5	57084	-1
5	57087	1
5	57089	1
5	57094	1
5	57105	1
5	58003	-1
5	58731	-1
5	58745	-1
5	58757	-1
5	58764	-1
5	58784	1
5	58810	-1
5	58813	-1
5	59755	-1
5	62462	-1
5	62648	-1
5	63667	-1
5	63672	-1
5	63686	-1
5	63689	1
5	63691	1
5	63694	1
5	63696	1
5	63705	1
5	63712	1
5	65840	-1
5	66455	-1
5	66457	-1
5	66459	-1
5	66463	-1
5	66466	-1
5	66467	-1
5	66468	-1
5	66477	-1
5	66479	1
5	66481	1
5	66485	-1
5	66492	-1
5	66493	-1
5	67729	1
5	67746	-1
5	67840	1
5	67847	1
5	69901	-1
5	69902	-1
5	77253	1
5	77260	-1
5	77262	1
5	77264	1
5	77267	-1
5	77508	-1
5	79417	1
5	80775	-1
5	80803	-1
5	80808	-1
5	80816	-1
5	82332	-1
5	82372	1
5	88810	-1
5	92135	-1
5	92164	-1
5	92799	-1
5	92823	-1
5	92825	1
5	92832	1
5	92837	1
5	92840	1
5	93549	-1
5	93793	-1
5	94603	-1
5	94797	-1
5	95003	1
5	95502	1
5	95614	-1
5	95668	1
5	96104	-1
5	96116	1
5	96180	-1
5	96450	-1
5	96537	-1
5	96702	-1
5	96703	1
5	96825	-1
5	97330	1
5	97335	-1
5	97724	1
5	98284	-1
5	98393	-1
5	98491	1
5	98532	-1
5	98571	-1
5	98779	-1
5	99330	-1
5	99462	1
5	99749	-1
5	99800	1
5	99820	-1
5	100046	-1
5	100067	-1
5	100261	-1
5	100288	-1
5	100303	-1
5	100342	-1
5	100353	-1
5	100401	1
5	100435	1
5	100452	-1
5	100493	-1
5	100525	-1
5	100585	-1
5	100658	-1
5	100669	-1
5	100864	-1
5	100942	-1
5	100958	-1
5	101027	1
5	101130	-1
5	101283	-1
5	101448	1
5	101472	-1
5	101678	-1
5	101869	-1
5	102149	-1
5	102350	-1
5	102394	-1
5	102664	-1
5	102728	-1
5	102824	-1
5	102892	-1
5	103208	1
5	103221	-1
5	103299	-1
5	103435	-1
5	103463	-1
5	103474	-1
5	103775	1
5	103907	-1
5	103985	-1
5	104053	-1
5	104079	-1
5	104181	-1
5	104205	-1
5	104292	1
5	104546	1
5	104547	1
5	104635	-1
5	104689	-1
5	104810	-1
5	105031	-1
5	105286	-1
5	105325	-1
5	105371	1
5	105450	-1
5	105757	-1
5	106148	-1
5	106263	-1
5	106580	1
5	106863	-1
5	106936	1
5	106945	-1
5	107008	1
5	107046	-1
5	107056	-1
5	107093	-1
5	107262	-1
5	107304	-1
5	107339	-1
5	107713	-1
5	107876	-1
5	107927	-1
5	107930	1
5	108126	1
5	108283	1
5	108351	-1
5	108361	-1
5	108500	-1
5	108725	1
5	108806	-1
5	109126	1
5	109212	-1
5	109702	1
5	109844	-1
5	109884	1
5	110205	1
5	110633	-1
5	110700	-1
5	110711	-1
5	110770	-1
5	110867	-1
5	111042	-1
5	111093	-1
5	111530	-1
5	111535	-1
5	111569	-1
5	111579	-1
5	111596	-1
5	111844	1
5	111962	1
5	112123	-1
5	112131	-1
5	112450	-1
5	112489	-1
5	112519	-1
5	112586	-1
5	112779	-1
5	112892	-1
5	113590	-1
5	113877	-1
5	113974	-1
5	113979	-1
5	113980	-1
5	113982	-1
5	113998	-1
5	114018	1
5	114038	-1
5	114083	-1
5	114139	-1
5	114208	-1
5	114220	-1
5	114299	-1
5	114396	-1
5	114406	-1
5	114530	-1
5	114542	-1
5	114636	-1
5	114637	-1
5	114646	-1
5	114782	-1
5	114862	-1
5	114883	-1
5	114936	1
5	114955	-1
5	114987	-1
5	115080	-1
5	115089	1
5	115265	1
5	115267	1
5	115273	-1
5	115355	1
5	115567	1
5	115573	-1
5	115623	-1
5	115692	-1
5	115868	-1
5	115910	1
5	116080	-1
5	116096	-1
5	116125	-1
5	116163	-1
5	116166	-1
5	116167	-1
5	116327	-1
5	116329	-1
5	116341	-1
5	116390	-1
5	116402	-1
5	116414	1
5	116433	-1
5	116757	-1
5	116770	-1
5	116818	-1
5	116821	-1
5	116971	-1
5	117013	1
5	117020	-1
5	117074	1
5	117085	-1
5	117107	-1
5	117290	-1
5	117304	1
5	117310	1
5	117493	-1
5	117544	1
5	117759	-1
5	117890	-1
5	118004	1
5	118260	-1
5	118425	-1
5	118593	-1
5	118823	1
5	118850	1
5	118930	-1
5	119061	1
5	119183	-1
5	119223	1
5	119473	1
5	119490	-1
5	119505	-1
5	119507	-1
5	119646	1
5	119689	-1
5	119721	1
5	119983	-1
5	119993	-1
5	120080	-1
5	120142	-1
5	120185	1
5	120267	-1
5	120307	1
5	120328	-1
5	120398	1
5	120440	1
5	120488	-1
5	120785	-1
5	121016	1
5	121082	-1
5	121094	-1
5	121108	-1
5	121111	1
5	121225	-1
5	121226	-1
5	121227	1
5	121349	-1
5	121463	-1
5	121477	-1
5	121484	1
5	121575	-1
5	121661	-1
5	121702	1
5	121710	-1
5	121782	-1
5	121826	-1
5	121865	-1
5	121952	1
5	121954	-1
5	121964	1
5	121974	-1
5	121988	1
5	121994	-1
5	122021	-1
5	122022	1
5	122027	-1
5	122045	-1
5	122047	1
5	122107	1
5	122190	-1
5	122282	-1
5	122412	-1
5	122426	1
5	122448	-1
5	122464	-1
5	122567	-1
5	122578	-1
5	122637	-1
5	123046	-1
5	123048	1
5	123085	1
5	123100	-1
5	123114	1
5	123298	-1
5	123404	-1
5	123412	-1
5	123511	1
5	123514	-1
5	123603	-1
5	123607	-1
5	123620	1
5	123621	-1
5	124290	1
5	124359	-1
5	124388	1
5	124442	-1
5	124448	-1
5	124450	-1
5	124496	-1
5	124552	-1
5	124645	-1
5	124829	1
5	124863	-1
5	125050	-1
5	125209	-1
5	125220	-1
5	125282	-1
5	125301	-1
5	125385	-1
5	125427	-1
5	125473	-1
5	125475	-1
5	125479	-1
5	125537	-1
5	125555	-1
5	125563	-1
5	125632	-1
5	125657	1
5	125693	-1
5	125697	-1
5	125727	-1
5	125772	-1
5	125835	-1
5	125887	1
5	125929	-1
5	125947	-1
5	125960	-1
5	125964	-1
5	126065	-1
5	126068	1
5	126113	-1
5	126118	-1
5	126121	-1
5	126254	1
5	126255	-1
5	126355	-1
5	126618	1
5	126631	-1
5	126642	-1
5	126682	1
5	126836	1
5	127085	1
5	127120	1
5	127161	-1
5	127316	-1
5	127328	-1
5	127418	-1
5	127479	-1
5	127936	1
5	128087	1
5	128193	-1
5	128194	-1
5	128239	1
5	128266	-1
5	128269	-1
5	128276	-1
5	128327	-1
5	128332	-1
5	128359	-1
5	128401	-1
5	128451	-1
5	128454	-1
5	128589	-1
5	128809	-1
5	128826	-1
5	129192	-1
5	129395	-1
5	129471	-1
5	130537	-1
5	130538	1
5	130704	1
5	130892	1
5	130896	-1
5	131174	-1
5	131251	-1
5	131308	-1
5	131667	-1
6	7	-1
6	8	-1
7	8	1
7	2636	1
7	7415	1
7	14297	1
7	16168	-1
7	16169	-1
9	10	1
10	25	1
10	409	1
10	410	-1
10	411	1
10	412	1
10	413	1
10	414	1
11	12	1
13	14	1
14	593	1
14	677	1
14	1282	1
14	3358	1
14	3884	1
14	5454	1
14	5882	1
14	7085	1
14	7602	1
14	12134	1
14	12854	1
14	13898	1
14	18457	1
14	19223	1
14	19343	1
14	20462	1
14	20784	1
14	21060	1
14	24250	1
14	93217	1
15	16	1
15	17	1
15	18	1
16	570	1
16	3614	1
18	155	-1
18	689	1
18	923	1
18	966	1
18	1027	1
18	1095	-1
18	1118	-1
18	1303	1
18	1321	1
18	1379	1
18	1396	1
18	1652	-1
18	1781	1
18	1784	1
18	1834	1
18	1891	1
18	1907	1
18	1948	1
18	1958	1
18	1972	1
18	2263	1
18	2766	-1
18	2841	1
18	2984	-1
18	3205	-1
18	3314	1
18	3324	1
18	3828	1
18	3890	1
18	3915	1
18	3967	1
18	4169	1
18	4357	1
18	4447	1
18	5203	1
18	5290	1
18	6296	-1
18	6338	-1
18	6671	1
18	6800	1
18	7588	1
18	7766	1
18	9697	1
18	11499	1
18	11521	1
18	13514	1
18	14184	-1
18	14520	1
18	15186	-1
18	15505	-1
18	16209	1
18	16232	1
18	16779	1
18	17354	-1
18	17898	-1
18	18780	1
18	19358	1
18	20719	-1
18	21258	1
18	21726	-1
18	24163	1
18	25525	-1
18	25757	-1
18	32745	-1
18	37720	-1
18	37721	-1
18	48766	-1
18	63654	1
18	82381	-1
18	95203	1
18	96048	1
18	97487	1
18	100145	1
18	100658	-1
18	101412	1
18	103007	1
18	105881	1
19	20	1
19	21	-1
20	5	1
20	25	1
20	35	1
20	50	1
20	52	1
20	57	1
20	79	1
20	106	1
20	131	1
20	143	1
20	155	1
20	161	1
20	169	1
20	197	1
20	203	1
20	219	1
20	245	1
20	247	1
20	251	1
20	264	1
20	267	1
20	302	1
20	304	1
20	309	1
20	312	1
20	314	1
20	363	1
20	364	1
20	365	1
20	366	1
20	382	1
20	386	1
20	391	1
20	409	1
20	413	1
20	414	1
20	430	1
20	433	1
20	450	1
20	453	1
20	459	1
20	481	1
20	483	1
20	515	1
20	532	1
20	539	1
20	544	1
20	546	1
20	551	1
20	554	1
20	558	1
20	565	1
20	570	1
20	593	1
20	664	1
20	671	1
20	680	1
20	687	1
20	691	1
20	693	1
20	709	1
20	715	1
20	744	1
20	771	1
20	778	1
20	791	1
20	809	1
20	819	1
20	851	1
20	855	1
20	857	1
20	869	1
20	876	1
20	913	1
20	914	1
20	931	1
20	946	1
20	966	1
20	967	1
20	988	1
20	1002	1
20	1003	1
20	1017	1
20	1024	1
20	1026	1
20	1027	1
20	1032	1
20	1037	1
20	1075	1
20	1089	1
20	1121	1
20	1140	1
20	1211	1
20	1246	1
20	1274	1
20	1278	1
20	1285	1
20	1287	1
20	1288	1
20	1296	1
20	1302	1
20	1304	1
20	1313	1
20	1321	1
20	1328	1
20	1334	1
20	1345	1
20	1348	1
20	1349	1
20	1352	1
20	1360	1
20	1372	1
20	1378	1
20	1390	1
20	1395	1
20	1397	1
20	1401	1
20	1404	1
20	1434	1
20	1438	1
20	1451	1
20	1456	1
20	1457	1
20	1466	1
20	1480	1
20	1481	1
20	1485	1
20	1486	1
20	1488	1
20	1492	1
20	1493	1
20	1495	1
20	1502	1
20	1506	1
20	1509	1
20	1510	1
20	1511	1
20	1533	1
20	1537	1
20	1547	1
20	1566	1
20	1597	1
20	1604	1
20	1606	1
20	1614	1
20	1617	1
20	1624	1
20	1631	1
20	1652	1
20	1682	1
20	1685	1
20	1688	1
20	1691	1
20	1704	1
20	1742	1
20	1744	1
20	1753	1
20	1783	1
20	1787	1
20	1802	1
20	1814	1
20	1825	1
20	1833	1
20	1851	1
20	1865	1
20	1867	1
20	1882	1
20	1891	1
20	1894	1
20	1895	1
20	1909	1
20	1929	1
20	1945	1
20	1955	1
20	1956	1
20	1957	1
20	1962	1
20	1966	1
20	1970	1
20	1971	1
20	1972	1
20	1973	1
20	2021	1
20	2023	1
20	2038	1
20	2040	1
20	2044	1
20	2047	1
20	2077	1
20	2094	1
20	2116	1
20	2183	1
20	2200	1
20	2202	1
20	2210	1
20	2244	1
20	2261	1
20	2267	1
20	2272	1
20	2279	1
20	2282	1
20	2283	1
20	2286	1
20	2287	1
20	2293	1
20	2296	1
20	2306	1
20	2335	1
20	2340	1
20	2342	1
20	2344	1
20	2355	1
20	2363	1
20	2387	1
20	2397	1
20	2398	1
20	2401	1
20	2402	1
20	2405	1
20	2412	1
20	2415	1
20	2435	1
20	2437	1
20	2451	1
20	2506	1
20	2520	1
20	2540	1
20	2550	1
20	2557	1
20	2588	1
20	2611	1
20	2621	1
20	2628	1
20	2670	1
20	2677	1
20	2790	1
20	2835	1
20	2842	1
20	2854	1
20	2857	1
20	2895	1
20	2907	1
20	2914	1
20	2942	1
20	2947	1
20	2955	1
20	2987	1
20	3060	1
20	3093	1
20	3103	1
20	3116	1
20	3125	1
20	3133	1
20	3137	1
20	3138	1
20	3139	1
20	3141	1
20	3146	1
20	3157	1
20	3162	1
20	3165	1
20	3167	1
20	3168	1
20	3169	1
20	3171	1
20	3176	1
20	3183	1
20	3187	1
20	3194	1
20	3197	1
20	3204	1
20	3205	1
20	3212	1
20	3230	1
20	3232	1
20	3241	1
20	3247	1
20	3249	1
20	3253	1
20	3259	1
20	3303	1
20	3314	1
20	3321	1
20	3322	1
20	3325	1
20	3326	1
20	3339	1
20	3343	1
20	3358	1
20	3371	1
20	3375	1
20	3382	1
20	3399	1
20	3424	1
20	3485	1
20	3532	1
20	3543	1
20	3561	1
20	3587	1
20	3622	1
20	3626	1
20	3627	1
20	3689	1
20	3697	1
20	3723	1
20	3745	1
20	3749	1
20	3751	1
20	3765	1
20	3766	1
20	3784	1
20	3805	1
20	3812	1
20	3828	1
20	3838	1
20	3844	1
20	3845	1
20	3847	1
20	3863	1
20	3864	1
20	3879	1
20	3886	1
20	3890	1
20	3901	1
20	3915	1
20	3928	1
20	3958	1
20	4025	1
20	4080	1
20	4120	1
20	4121	1
20	4157	1
20	4167	1
20	4169	1
20	4175	1
20	4177	1
20	4181	1
20	4232	1
20	4233	1
20	4256	1
20	4257	1
20	4260	1
20	4313	1
20	4320	1
20	4355	1
20	4356	1
20	4360	1
20	4380	1
20	4388	1
20	4400	1
20	4438	1
20	4455	1
20	4457	1
20	4485	1
20	4494	1
20	4506	1
20	4512	1
20	4528	1
20	4542	1
20	4580	1
20	4581	1
20	4582	1
20	4594	1
20	4599	1
20	4613	1
20	4640	1
20	4655	1
20	4657	1
20	4689	1
20	4700	1
20	4704	1
20	4710	1
20	4726	1
20	4728	1
20	4746	1
20	4779	1
20	4807	1
20	4876	1
20	4916	1
20	4948	1
20	4959	1
20	5054	1
20	5071	1
20	5123	1
20	5135	1
20	5148	1
20	5149	1
20	5162	1
20	5166	1
20	5198	1
20	5213	1
20	5228	1
20	5256	1
20	5275	1
20	5291	1
20	5305	1
20	5311	1
20	5377	1
20	5484	1
20	5507	1
20	5522	1
20	5527	1
20	5540	1
20	5552	1
20	5556	1
20	5561	1
20	5592	1
20	5650	1
20	5674	1
20	5714	1
20	5731	1
20	5734	1
20	5754	1
20	5769	1
20	5770	1
20	5773	1
20	5934	1
20	5983	1
20	5992	1
20	6003	1
20	6055	1
20	6128	1
20	6255	1
20	6257	1
20	6273	1
20	6275	1
20	6276	1
20	6279	1
20	6281	1
20	6286	1
20	6293	1
20	6296	1
20	6297	1
20	6301	1
20	6302	1
20	6304	1
20	6305	1
20	6306	1
20	6307	1
20	6337	1
20	6339	1
20	6387	1
20	6410	1
20	6421	1
20	6435	1
20	6463	1
20	6481	1
20	6533	1
20	6688	1
20	6711	1
20	6725	1
20	6727	1
20	6783	1
20	6799	1
20	6816	1
20	6826	1
20	6827	1
20	6828	1
20	6830	1
20	6847	1
20	6866	1
20	6879	1
20	6911	1
20	6945	1
20	6993	1
20	7129	1
20	7130	1
20	7175	1
20	7188	1
20	7233	1
20	7234	1
20	7269	1
20	7336	1
20	7371	1
20	7374	1
20	7385	1
20	7404	1
20	7406	1
20	7409	1
20	7460	1
20	7474	1
20	7503	1
20	7529	1
20	7588	1
20	7674	1
20	7682	1
20	7752	1
20	7755	1
20	7766	1
20	7769	1
20	7846	1
20	7855	1
20	7872	1
20	7928	1
20	7989	1
20	8017	1
20	8022	1
20	8169	1
20	8248	1
20	8263	1
20	8320	1
20	8337	1
20	8357	1
20	8358	1
20	8427	1
20	8488	1
20	8518	1
20	8521	1
20	8528	1
20	8568	1
20	8658	1
20	8778	1
20	8828	1
20	8830	1
20	8861	1
20	8930	1
20	8946	1
20	8960	1
20	8968	1
20	9004	1
20	9019	1
20	9053	1
20	9071	1
20	9082	1
20	9090	1
20	9097	1
20	9199	1
20	9234	1
20	9264	1
20	9272	1
20	9277	1
20	9289	1
20	9291	1
20	9342	1
20	9343	1
20	9364	1
20	9377	1
20	9384	1
20	9430	1
20	9663	1
20	9671	1
20	9673	1
20	9720	1
20	9785	1
20	9793	1
20	9846	1
20	9862	1
20	9909	1
20	9949	1
20	10015	1
20	10074	1
20	10146	1
20	10154	1
20	10158	1
20	10165	1
20	10189	1
20	10197	1
20	10235	1
20	10369	1
20	10581	1
20	10808	1
20	10821	1
20	10827	1
20	10851	1
20	10862	1
20	10897	1
20	10967	1
20	11047	1
20	11141	1
20	11171	1
20	11192	1
20	11197	1
20	11366	1
20	11445	1
20	11521	1
20	11594	1
20	11596	1
20	11597	1
20	11598	1
20	11614	1
20	11628	1
20	11629	1
20	11639	1
20	11640	1
20	11641	1
20	11648	1
20	11777	1
20	11778	1
20	11803	1
20	11912	1
20	11933	1
20	11940	1
20	11981	1
20	12094	1
20	12181	1
20	12183	1
20	12184	1
20	12188	1
20	12249	1
20	12287	1
20	12301	1
20	12319	1
20	12320	1
20	12326	1
20	12361	1
20	12366	1
20	12421	1
20	12507	1
20	12597	1
20	12599	1
20	12844	1
20	12845	1
20	12848	1
20	12961	1
20	12978	1
20	13044	1
20	13075	1
20	13106	1
20	13255	1
20	13267	1
20	13284	1
20	13304	1
20	13307	1
20	13318	1
20	13350	1
20	13392	1
20	13506	1
20	13518	1
20	13534	1
20	13664	1
20	13665	1
20	13666	1
20	13824	1
20	13931	1
20	13944	1
20	13946	1
20	13976	1
20	14203	1
20	14250	1
20	14297	1
20	14508	1
20	14509	1
20	14518	1
20	14522	1
20	14523	1
20	14539	1
20	14650	1
20	14675	1
20	14716	1
20	14767	1
20	14841	1
20	14904	1
20	14974	1
20	15023	1
20	15034	1
20	15132	1
20	15144	1
20	15190	1
20	15387	1
20	15436	1
20	15513	1
20	15561	1
20	15591	1
20	15626	1
20	15640	1
20	15737	1
20	15807	1
20	15812	1
20	15841	1
20	15910	1
20	16013	1
20	16029	1
20	16053	1
20	16094	1
20	16116	1
20	16132	1
20	16203	1
20	16225	1
20	16236	1
20	16267	1
20	16290	1
20	16329	1
20	16435	1
20	16555	1
20	16564	1
20	16639	1
20	16645	1
20	16726	1
20	16744	1
20	16748	1
20	16751	1
20	16770	1
20	16795	1
20	16833	1
20	16843	1
20	16926	1
20	16933	1
20	16973	1
20	17008	1
20	17011	1
20	17059	1
20	17069	1
20	17086	1
20	17216	1
20	17222	1
20	17354	1
20	17376	1
20	17394	1
20	17412	1
20	17418	1
20	17510	1
20	17519	1
20	17643	1
20	17761	1
20	17798	1
20	17814	1
20	17931	1
20	17975	1
20	17987	1
20	18016	1
20	18051	1
20	18126	1
20	18150	1
20	18482	1
20	18569	1
20	18652	1
20	18846	1
20	18906	1
20	18929	1
20	18954	1
20	18957	1
20	18985	1
20	19067	1
20	19085	1
20	19182	1
20	19229	1
20	19301	1
20	19328	1
20	19439	1
20	19487	1
20	19523	1
20	19524	1
20	19530	1
20	19658	1
20	19682	1
20	19698	1
20	19785	1
20	19931	1
20	19991	1
20	19997	1
20	20010	1
20	20161	1
20	20214	1
20	20248	1
20	20272	1
20	20382	1
20	20480	1
20	20516	1
20	20523	1
20	20543	1
20	20555	1
20	20721	1
20	20732	1
20	20759	1
20	20824	1
20	20853	1
20	20945	1
20	21081	1
20	21135	1
20	21136	1
20	21157	1
20	21168	1
20	21169	1
20	21249	1
20	21372	1
20	21400	1
20	21424	1
20	21616	1
20	21620	1
20	21738	1
20	21753	1
20	21762	1
20	21806	1
20	21862	1
20	22028	1
20	22052	1
20	22057	1
20	22110	1
20	22175	1
20	22185	1
20	22225	1
20	22553	1
20	22614	1
20	22678	1
20	22787	1
20	23011	1
20	23251	1
20	23319	1
20	23423	1
20	23467	1
20	23469	1
20	23532	1
20	23614	1
20	23624	1
20	23664	1
20	23758	1
20	24135	1
20	24161	1
20	24307	1
20	24469	1
20	24497	1
20	24529	1
20	24535	1
20	24612	1
20	24812	1
20	24830	1
20	24917	1
20	25209	1
20	25282	1
20	25652	1
20	25974	1
20	26106	1
20	26159	1
20	26463	1
20	26468	1
20	26784	1
20	26971	1
20	27048	1
20	27271	1
20	27713	1
20	27775	1
20	28348	1
20	28499	1
20	28545	1
20	28860	1
20	29114	1
20	29226	1
20	29633	1
20	29792	1
20	30023	1
20	30434	1
20	30709	1
20	30719	1
20	30982	1
20	31248	1
20	31289	1
20	31416	1
20	31424	1
20	31553	1
20	31761	1
20	31930	1
20	31937	1
20	32371	1
20	32432	1
20	33875	1
20	33931	1
20	33939	1
20	33943	1
20	33960	1
20	34363	1
20	34640	1
20	35605	1
20	35801	1
20	36029	1
20	36644	1
20	36698	1
20	36775	1
20	37164	1
20	37178	1
20	37332	1
20	37497	1
20	37813	1
20	37925	1
20	37992	1
20	38109	1
20	38591	1
20	38696	1
20	38964	1
20	39239	1
20	39550	1
20	39780	1
20	41417	1
20	41779	1
20	42175	-1
20	42701	1
20	42918	1
20	43044	1
20	43555	1
20	43746	1
20	44113	1
20	44835	1
20	45078	1
20	45467	1
20	46032	1
20	46099	1
20	46686	1
20	46791	1
20	47153	-1
20	48147	1
20	48238	1
20	48602	1
20	48666	1
20	48720	1
20	48793	1
20	49859	1
20	50121	1
20	50236	1
20	50268	1
20	50524	1
20	50845	1
20	51481	1
20	51674	1
20	51867	-1
20	51902	1
20	51975	1
20	52035	1
20	53716	1
20	54931	1
20	54994	1
20	55323	1
20	56498	1
20	58559	1
20	58661	1
20	58744	1
20	59356	1
20	59492	1
20	59791	1
20	60120	1
20	60379	1
20	60397	1
20	61167	1
20	63712	1
20	64155	1
20	64453	1
20	65005	1
20	65451	1
20	65666	1
20	67512	1
20	67729	1
20	67986	1
20	71858	1
20	72018	1
20	73151	1
20	75666	1
20	75699	1
20	76080	1
20	77238	1
20	77847	1
20	79380	1
20	80121	1
20	87902	1
20	89240	1
20	92501	1
20	92502	1
20	92503	1
20	92504	1
20	92505	1
20	92506	1
20	92507	1
20	92508	1
20	92509	1
20	92510	1
20	92874	1
20	97330	1
20	97516	1
20	102652	1
20	103208	1
20	114385	1
20	117270	1
20	123114	1
21	25	1
21	57	1
21	267	1
21	855	1
21	1981	1
21	2038	1
21	2224	1
21	2385	1
21	3161	1
21	5003	1
21	5149	1
21	6300	1
21	9983	1
21	14521	1
21	18153	1
21	19997	1
21	21753	1
21	24529	1
21	24656	1
21	29999	1
21	34109	1
21	64252	1
21	71053	1
21	71525	1
21	72573	1
22	23	1
23	7	-1
23	20	-1
23	23	1
23	52	-1
23	106	1
23	121	-1
23	122	-1
23	169	1
23	175	1
23	260	-1
23	270	-1
23	317	1
23	366	1
23	413	1
23	444	-1
23	450	1
23	496	1
23	546	-1
23	558	-1
23	569	-1
23	570	1
23	793	1
23	831	-1
23	851	1
23	930	1
23	946	-1
23	1003	-1
23	1024	1
23	1123	1
23	1127	-1
23	1200	-1
23	1266	1
23	1287	1
23	1288	1
23	1306	-1
23	1323	1
23	1325	1
23	1334	1
23	1352	-1
23	1378	-1
23	1448	1
23	1451	-1
23	1456	-1
23	1458	1
23	1459	1
23	1480	1
23	1481	-1
23	1482	-1
23	1485	1
23	1503	1
23	1504	1
23	1532	-1
23	1572	-1
23	1604	1
23	1608	1
23	1682	-1
23	1702	1
23	1757	1
23	1830	1
23	1931	-1
23	1937	1
23	1970	1
23	1984	1
23	2200	-1
23	2282	1
23	2287	1
23	2292	-1
23	2320	-1
23	2350	1
23	2405	1
23	2475	-1
23	2634	1
23	2665	-1
23	2835	-1
23	2899	-1
23	3007	-1
23	3112	-1
23	3125	-1
23	3141	1
23	3161	1
23	3165	-1
23	3180	1
23	3228	1
23	3247	-1
23	3334	1
23	3343	1
23	3363	1
23	3726	-1
23	3802	1
23	3850	-1
23	3996	1
23	4080	1
23	4152	-1
23	4275	1
23	4440	-1
23	4489	1
23	4508	-1
23	4629	-1
23	4678	-1
23	4704	1
23	5000	1
23	5025	-1
23	5544	-1
23	5680	1
23	5817	1
23	5864	-1
23	5918	-1
23	6144	-1
23	6274	-1
23	6276	-1
23	6421	1
23	6488	1
23	6683	-1
23	7047	-1
23	7095	1
23	7338	-1
23	7460	-1
23	7714	-1
23	8073	-1
23	8145	1
23	8217	1
23	8616	1
23	8665	1
23	8778	-1
23	9395	-1
23	9610	1
23	9716	1
23	10027	-1
23	10369	1
23	10428	-1
23	10440	1
23	10726	1
23	10757	1
23	11049	-1
23	11421	-1
23	11571	-1
23	11597	1
23	12799	1
23	13233	1
23	13335	1
23	13603	-1
23	13803	-1
23	14139	-1
23	14416	-1
23	14780	1
23	14825	1
23	15263	-1
23	15505	-1
23	16435	-1
23	16608	1
23	16621	-1
23	17036	1
23	17073	1
23	17163	1
23	17376	1
23	17849	-1
23	18047	-1
23	18272	-1
23	18581	-1
23	19064	-1
23	19416	1
23	19443	1
23	19563	-1
23	19970	-1
23	20533	1
23	20733	1
23	21283	-1
23	21390	1
23	21570	1
23	21711	-1
23	21712	-1
23	22594	-1
23	23477	-1
23	23532	1
23	23967	1
23	24103	1
23	25091	1
23	25595	1
23	25927	-1
23	25989	-1
23	27192	1
23	27256	-1
23	27405	-1
23	27590	-1
23	27775	1
23	28086	1
23	29529	-1
23	29978	-1
23	30723	-1
23	31017	-1
23	31466	-1
23	33329	1
23	33615	-1
23	33782	-1
23	33943	-1
23	37380	-1
23	38615	-1
23	38679	-1
23	39356	1
23	39743	-1
23	39837	-1
23	40599	-1
23	46227	1
23	55025	-1
23	56167	1
23	58744	1
23	61719	-1
23	65221	-1
23	66464	1
23	66483	-1
23	73352	-1
23	81845	-1
23	82363	1
23	82389	1
23	90955	-1
23	90956	-1
23	90957	-1
23	90958	-1
23	90959	-1
23	90960	-1
23	91690	-1
23	92816	1
23	93167	-1
23	93676	-1
23	93872	1
23	94142	-1
23	94654	-1
23	95264	-1
23	95459	-1
23	96614	-1
23	97330	1
23	97828	-1
23	97915	-1
23	98278	-1
23	98779	-1
23	99261	-1
23	99513	1
23	99515	-1
23	100065	-1
23	100656	-1
23	100817	-1
23	100958	-1
23	101926	-1
23	102198	-1
23	102538	-1
23	102581	-1
23	103083	-1
23	103113	-1
23	103299	-1
23	103640	-1
23	103986	-1
23	104088	-1
23	104733	-1
23	105817	-1
23	106298	-1
23	106325	1
23	106507	-1
23	106634	-1
23	107214	-1
23	107323	1
23	107457	-1
23	107636	-1
23	108041	-1
23	108233	-1
23	108254	-1
23	109441	-1
23	110129	-1
23	111249	-1
23	111569	-1
23	112202	-1
23	112314	-1
23	112431	-1
23	112539	-1
23	112779	-1
23	113293	-1
23	113322	-1
23	113738	1
23	113919	-1
23	114181	-1
23	114221	-1
23	114346	1
23	114421	-1
23	114731	1
23	114763	-1
23	114948	-1
23	115069	-1
23	115081	-1
23	115148	1
23	115226	-1
23	115240	-1
23	115505	-1
23	115596	-1
23	115686	-1
23	115975	-1
23	116043	-1
23	116138	-1
23	116767	-1
23	117174	-1
23	117253	-1
23	117322	-1
23	117616	1
23	118918	-1
23	119030	1
23	119234	-1
23	119470	-1
23	119874	-1
23	119905	-1
23	120169	-1
23	120170	-1
23	120703	-1
23	120842	-1
23	120973	-1
23	121098	1
23	121569	-1
23	121570	-1
23	122047	1
23	122701	-1
23	123732	-1
23	124137	-1
23	124197	-1
23	126464	-1
23	127703	1
23	128721	-1
23	128812	-1
23	129907	-1
23	130406	-1
23	130736	-1
24	25	1
25	23	-1
25	79	-1
25	131	-1
25	155	1
25	161	-1
25	205	-1
25	267	1
25	270	-1
25	311	-1
25	410	-1
25	430	1
25	433	1
25	549	-1
25	558	-1
25	665	1
25	666	-1
25	717	-1
25	744	-1
25	865	-1
25	914	1
25	931	1
25	943	-1
25	966	-1
25	1017	1
25	1118	1
25	1120	-1
25	1262	-1
25	1352	-1
25	1373	-1
25	1494	-1
25	1504	-1
25	1509	-1
25	1532	-1
25	1624	1
25	1652	1
25	1682	-1
25	1816	-1
25	1825	-1
25	1831	-1
25	1832	-1
25	1905	1
25	1945	1
25	2007	-1
25	2050	-1
25	2133	-1
25	2183	-1
25	2193	-1
25	2285	-1
25	2292	-1
25	2293	1
25	2332	1
25	2337	-1
25	2363	-1
25	2475	-1
25	2751	1
25	2975	-1
25	3079	-1
25	3147	1
25	3244	-1
25	3253	-1
25	3259	1
25	3277	1
25	3543	1
25	3710	1
25	3928	1
25	4080	-1
25	4174	-1
25	4185	-1
25	4265	-1
25	4528	1
25	4830	-1
25	5410	-1
25	5592	1
25	5612	-1
25	5731	1
25	6146	1
25	6271	-1
25	6276	1
25	6712	-1
25	7766	-1
25	8323	-1
25	8660	-1
25	9080	1
25	9108	-1
25	9310	-1
25	9720	1
25	10103	1
25	10862	-1
25	11409	1
25	11772	1
25	12047	-1
25	12100	1
25	12217	-1
25	12905	1
25	13603	-1
25	13632	1
25	14545	1
25	15626	1
25	16212	-1
25	16400	-1
25	16973	-1
25	19523	1
25	20238	-1
25	20480	1
25	21279	-1
25	21736	-1
25	21935	-1
25	21966	1
25	23507	-1
25	23561	-1
25	24135	1
25	25636	-1
25	25689	-1
25	26200	-1
25	28212	-1
25	28662	-1
25	28860	1
25	29780	-1
25	31829	-1
25	32399	-1
25	36036	-1
25	37788	-1
25	38385	-1
25	38696	-1
25	42489	-1
25	48925	1
25	57053	-1
25	57084	-1
25	57087	1
25	58731	-1
25	58764	-1
25	79412	-1
25	80820	-1
25	97931	-1
25	101364	-1
25	102294	-1
25	102457	-1
25	106877	-1
25	109882	-1
25	109937	-1
25	110146	-1
25	110157	-1
25	112491	-1
25	129462	-1
26	27	1
27	26	1
27	317	1
27	353	1
27	640	1
28	29	1
30	31	1
31	18	1
31	161	-1
31	245	1
31	264	-1
31	462	1
31	549	1
31	555	1
31	655	1
31	666	-1
31	691	-1
31	715	1
31	778	-1
31	913	1
31	946	1
31	974	1
31	1027	1
31	1075	1
31	1313	1
31	1322	1
31	1336	1
31	1345	1
31	1352	1
31	1474	-1
31	1480	1
31	1493	1
31	1505	1
31	1687	1
31	1787	1
31	1865	1
31	1894	1
31	1951	1
31	1955	1
31	2118	1
31	2263	1
31	2292	-1
31	2344	1
31	2630	-1
31	2738	1
31	2839	-1
31	3165	1
31	3176	-1
31	3249	1
31	3253	-1
31	3438	1
31	3619	1
31	3871	1
31	3890	1
31	3931	1
31	4080	1
31	4169	1
31	4542	1
31	4742	1
31	4910	1
31	5078	1
31	5148	1
31	6199	-1
31	6271	-1
31	6800	1
31	6816	1
31	7080	1
31	8684	-1
31	9071	1
31	9221	-1
31	10369	1
31	10605	-1
31	11349	-1
31	12955	-1
31	14325	-1
31	15187	-1
31	15505	-1
31	16115	1
31	16926	1
31	17376	1
31	17418	1
31	17875	-1
31	17886	-1
31	17931	1
31	19586	-1
31	20335	-1
31	20348	-1
31	20351	-1
31	21642	1
31	21707	-1
31	21711	-1
31	23259	1
31	23532	1
31	23561	1
31	23975	-1
31	24245	-1
31	24348	-1
31	24349	-1
31	24787	-1
31	25681	-1
31	25954	-1
31	26167	-1
31	27195	-1
31	27242	-1
31	27246	-1
31	28219	-1
31	29148	1
31	29742	-1
31	29743	-1
31	29744	-1
31	29745	-1
31	29746	-1
31	29747	-1
31	29748	-1
31	29749	-1
31	29750	-1
31	29751	-1
31	29752	-1
31	29753	-1
31	29754	-1
31	29755	-1
31	29756	-1
31	29757	-1
31	29758	-1
31	29759	-1
31	29760	-1
31	29761	-1
31	29762	-1
31	29763	-1
31	29764	-1
31	29765	-1
31	29766	-1
31	38634	-1
31	58757	1
31	66480	1
31	73582	-1
31	79395	-1
31	95545	1
31	103972	-1
31	104630	1
31	106022	-1
31	106636	-1
31	108063	-1
31	108064	-1
31	108589	-1
31	116770	-1
31	120604	-1
32	33	1
33	1929	-1
34	35	-1
35	25	1
35	79	1
35	263	1
35	363	1
35	366	1
35	370	1
35	433	1
35	643	1
35	691	1
35	744	1
35	922	1
35	931	1
35	1002	1
35	1032	1
35	1090	1
35	1118	1
35	1229	1
35	1274	1
35	1321	1
35	1345	1
35	1396	1
35	1440	1
35	1682	1
35	1691	1
35	1782	1
35	1784	1
35	1816	-1
35	1842	1
35	1891	1
35	1895	1
35	1905	1
35	1937	1
35	1970	1
35	2157	1
35	2224	1
35	2276	1
35	2335	1
35	2406	1
35	2506	1
35	2628	1
35	2738	1
35	2941	1
35	3017	1
35	3142	1
35	3144	1
35	3168	1
35	3176	1
35	3241	1
35	3244	1
35	3382	1
35	3384	1
35	3710	1
35	3750	1
35	3951	1
35	4120	1
35	4341	1
35	4388	1
35	4579	1
35	4663	1
35	4665	1
35	5003	1
35	5149	1
35	5166	1
35	5216	1
35	5275	1
35	5377	1
35	5398	1
35	5592	1
35	5731	1
35	5773	1
35	5983	1
35	5992	1
35	6055	1
35	6146	1
35	6300	1
35	6847	1
35	6911	1
35	7003	1
35	7269	1
35	7307	1
35	7576	-1
35	7906	1
35	9078	1
35	9384	1
35	10158	1
35	11033	1
35	11216	1
35	11445	1
35	11716	-1
35	12067	1
35	12193	-1
35	12507	1
35	13893	1
35	14632	1
35	14883	1
35	15591	1
35	16751	1
35	16762	1
35	16795	1
35	18277	1
35	23587	1
35	26200	-1
35	27905	-1
35	28196	-1
35	28197	-1
35	28198	-1
35	28274	1
35	28860	1
35	29445	1
35	31593	-1
35	31720	1
35	32263	1
35	34363	1
35	35807	-1
35	37772	-1
35	38556	-1
35	38967	-1
35	39945	-1
35	41376	-1
35	41417	1
35	43219	-1
35	44421	-1
35	44580	-1
35	45099	-1
35	49299	-1
35	49301	-1
35	49640	-1
35	49845	-1
35	51627	-1
35	51653	-1
35	52491	-1
35	52517	-1
35	52899	-1
35	53454	-1
35	59959	-1
35	62946	-1
35	77676	-1
35	79857	-1
35	92224	-1
35	92225	-1
36	37	1
37	62669	1
37	64220	1
37	65506	1
37	85419	1